[gd_scene load_steps=17 format=3 uid="uid://bwwch08u1fki0"]

[ext_resource type="Texture2D" uid="uid://46b1abgh8efc" path="res://Level/Skybox/panorama_image 640x360.png" id="1_iincs"]
[ext_resource type="PackedScene" uid="uid://5q31wcq4y5kc" path="res://Level/Map/Map.glb" id="1_nk1il"]
[ext_resource type="PackedScene" uid="uid://ctbwpsdaaii1i" path="res://Player/PlayerCustom.tscn" id="2_qmtf6"]
[ext_resource type="PackedScene" uid="uid://bmmlolxoi3a7r" path="res://GameObjects/Passenger/Passenger.tscn" id="6_d6qko"]
[ext_resource type="PackedScene" uid="uid://cxaiw6np38ld7" path="res://Level/Destination/destination.tscn" id="7_22cqp"]
[ext_resource type="Texture2D" uid="uid://cb5sgy0go2roc" path="res://Level/Stuff/bear.png" id="8_22cqp"]
[ext_resource type="Material" uid="uid://d0ieckpgvor2h" path="res://Level/Materials/destination.tres" id="8_wqlfs"]
[ext_resource type="Script" uid="uid://crid18n6bckca" path="res://Level/RestartPoints/restart_point.gd" id="9_wqlfs"]

[sub_resource type="PanoramaSkyMaterial" id="PanoramaSkyMaterial_nk1il"]
panorama = ExtResource("1_iincs")
filter = false

[sub_resource type="Sky" id="Sky_d6qko"]
sky_material = SubResource("PanoramaSkyMaterial_nk1il")
radiance_size = 0

[sub_resource type="Environment" id="Environment_52x1o"]
background_mode = 2
background_canvas_max_layer = -1
sky = SubResource("Sky_d6qko")
ambient_light_source = 2
ambient_light_color = Color(0.393086, 0.393086, 0.393085, 1)
reflected_light_source = 1
glow_intensity = 1.05
glow_bloom = 0.23
fog_mode = 1
fog_density = 1.0
fog_sky_affect = 0.0

[sub_resource type="CylinderMesh" id="CylinderMesh_py82k"]
material = ExtResource("8_wqlfs")
top_radius = 20.0
bottom_radius = 20.0
height = 1.0
radial_segments = 15
rings = 0
cap_bottom = false

[sub_resource type="CylinderShape3D" id="CylinderShape3D_1teg4"]
height = 6.0
radius = 20.0

[sub_resource type="BoxMesh" id="BoxMesh_d6qko"]
material = ExtResource("8_wqlfs")
size = Vector3(15, 1, 25)

[sub_resource type="BoxShape3D" id="BoxShape3D_22cqp"]
size = Vector3(15, 6, 25)

[sub_resource type="BoxShape3D" id="BoxShape3D_i5g78"]
size = Vector3(60, 10, 60)

[node name="Level" type="Node3D"]

[node name="Map" parent="." instance=ExtResource("1_nk1il")]

[node name="DirectionalLight3D" type="DirectionalLight3D" parent="."]
transform = Transform3D(-0.866023, -0.433016, 0.250001, 0, 0.499998, 0.866027, -0.500003, 0.749999, -0.43301, 0, 0, 0)
light_bake_mode = 1
directional_shadow_mode = 0
sky_mode = 1

[node name="WorldEnvironment" type="WorldEnvironment" parent="."]
environment = SubResource("Environment_52x1o")

[node name="PlayerCustom" parent="." node_paths=PackedStringArray("restart_node") groups=["Player"] instance=ExtResource("2_qmtf6")]
unique_name_in_owner = true
transform = Transform3D(0.899703, 0, -0.436503, 0, 1, 0, 0.436503, 0, 0.899703, 0, 1.5, -17.841)
restart_node = NodePath("../RestartPoints/RestartPoint1/Node3D")

[node name="Passengers" type="Node" parent="."]

[node name="Passenger15" parent="Passengers" instance=ExtResource("6_d6qko")]
transform = Transform3D(-0.52467, 0, -0.851306, 0, 1, 0, 0.851306, 0, -0.52467, 53.1099, -4.44072, -78.7381)
points = 3
clue = "The animal selection here is lacking, I'm gonna binge some documentaries."
take_me_to = "TV"

[node name="Passenger14" parent="Passengers" instance=ExtResource("6_d6qko")]
transform = Transform3D(0.486122, 0, 0.873891, 0, 1, 0, -0.873891, 0, 0.486122, -12.4895, 0, 0)
points = 3
clue = "There's something majestic about wild animals in their natural enclosures..."
take_me_to = "Zoo"

[node name="Passenger13" parent="Passengers" instance=ExtResource("6_d6qko")]
transform = Transform3D(-0.0620414, 0, 0.998074, 0, 1, 0, -0.998074, 0, -0.0620414, -45.0414, 0.0891812, 10.5564)
points = 3
clue = "I want to know who would win: 100 bears, or me with my arms tied?"
take_me_to = "Zoo"

[node name="Passenger12" parent="Passengers" instance=ExtResource("6_d6qko")]
transform = Transform3D(-0.0620414, 0, 0.998074, 0, 1, 0, -0.998074, 0, -0.0620414, -45.4601, 0.888627, -13.1526)
points = 3
clue = "It's good, but it's not the real deal like they make back home in Arlington."
take_me_to = "Pizza"

[node name="Passenger11" parent="Passengers" instance=ExtResource("6_d6qko")]
transform = Transform3D(-0.0620414, 0, 0.998074, 0, 1, 0, -0.998074, 0, -0.0620414, -31.8521, 0.338681, -64.8227)
points = 3
clue = "Honestly, it's a bit much..."
take_me_to = "Tower"

[node name="Passenger9" parent="Passengers" instance=ExtResource("6_d6qko")]
transform = Transform3D(-0.897543, 0, -0.440926, 0, 1, 0, 0.440926, 0, -0.897543, -95.3091, -3.45018, -119.485)
points = 3
clue = "I'm hoping one of these days I'll get to meet Piglet!"
take_me_to = "Zoo"

[node name="Passenger8" parent="Passengers" instance=ExtResource("6_d6qko")]
transform = Transform3D(0.99881, 0, 0.0487626, 0, 1, 0, -0.0487626, 0, 0.99881, -88.1543, -1.07453, -133.764)
points = 3
clue = "I like mine with garlic, giardiniera, and garlic."
take_me_to = "Pizza"

[node name="Passenger" parent="Passengers" instance=ExtResource("6_d6qko")]
transform = Transform3D(0.046165, 0, -0.998934, 0, 1, 0, 0.998934, 0, 0.046165, 11.5343, 0, 0)
points = 3
clue = "They're doing a Ran/Running Man double screening."
take_me_to = "Theater"

[node name="Passenger2" parent="Passengers" instance=ExtResource("6_d6qko")]
transform = Transform3D(-0.483909, 0, -0.875119, 0, 1, 0, 0.875119, 0, -0.483909, -6.67204, 0, -35.7375)
points = 3
clue = "I hunger..."
take_me_to = "Pizza"

[node name="Passenger3" parent="Passengers" instance=ExtResource("6_d6qko")]
transform = Transform3D(-0.157624, 0, 0.987499, 0, 1, 0, -0.987499, 0, -0.157624, 8.04307, -4.69428, -130.994)
points = 3
clue = "Apparently other towns have more than one animal at their zoos."
take_me_to = "Zoo"

[node name="Passenger4" parent="Passengers" instance=ExtResource("6_d6qko")]
transform = Transform3D(-0.989759, 0, 0.14275, 0, 1, 0, -0.14275, 0, -0.989759, -10.8141, -7.84845, -216.264)
points = 3
clue = "I'm gonna miss the next episode of Radical Knight Casin-O!"
take_me_to = "TV"

[node name="Passenger5" parent="Passengers" instance=ExtResource("6_d6qko")]
transform = Transform3D(-0.610256, 0, 0.792204, 0, 1, 0, -0.792204, 0, -0.610256, -2.6142, -7.9413, -204.721)
points = 3
clue = "I'm here from Chicago to see a football game."
take_me_to = "Zoo"

[node name="Passenger6" parent="Passengers" instance=ExtResource("6_d6qko")]
transform = Transform3D(-0.471905, 0, -0.88165, 0, 1, 0, 0.88165, 0, -0.471905, -76.9761, -5.20925, -210.248)
radius = 7.0
points = 3
clue = "I'm hungry... for popcorn!"
take_me_to = "Theater"

[node name="Passenger7" parent="Passengers" instance=ExtResource("6_d6qko")]
transform = Transform3D(0.450348, 0, 0.892853, 0, 1, 0, -0.892853, 0, 0.450348, -31.0738, -5.20925, -137.782)
points = 3
clue = "I haven't felt vertigo in a while..."
take_me_to = "Tower"

[node name="Passenger10" parent="Passengers" instance=ExtResource("6_d6qko")]
transform = Transform3D(-0.534898, 0, 0.844917, 0, 1, 0, -0.844917, 0, -0.534898, -31.8521, -1.225, -90.623)
points = 3
clue = "Give me the cheese."
take_me_to = "Pizza"

[node name="Passenger16" parent="Passengers" instance=ExtResource("6_d6qko")]
transform = Transform3D(0.999599, 0, -0.0283052, 0, 1, 0, 0.0283052, 0, 0.999599, 53.1099, -1.70844, -33.9748)
points = 3
clue = "Yeah I just like, buy tickets at random. It's fun. Sometimes I get something for children, but whatever."
take_me_to = "Theater"

[node name="Destinations" type="Node" parent="."]

[node name="Tower" parent="Destinations" instance=ExtResource("7_22cqp")]
visible = false

[node name="MeshInstance3D" type="MeshInstance3D" parent="Destinations/Tower"]
transform = Transform3D(1, 0, 0, 0, 1, 0, 0, 0, 1, 0, 0.5, 0)
mesh = SubResource("CylinderMesh_py82k")

[node name="CollisionShape3D" type="CollisionShape3D" parent="Destinations/Tower"]
transform = Transform3D(1, 0, 0, 0, 1, 0, 0, 0, 1, 0, 1.5, 0)
shape = SubResource("CylinderShape3D_1teg4")

[node name="TV" parent="Destinations" instance=ExtResource("7_22cqp")]
transform = Transform3D(1, 0, 0, 0, 1, 0, 0, 0, 1, -57.2391, 0, 0)
visible = false

[node name="MeshInstance3D" type="MeshInstance3D" parent="Destinations/TV"]
transform = Transform3D(1, 0, 0, 0, 1, 0, 0, 0, 1, 0, 0.5, 0)
mesh = SubResource("BoxMesh_d6qko")

[node name="CollisionShape3D" type="CollisionShape3D" parent="Destinations/TV"]
transform = Transform3D(1, 0, 0, 0, 1, 0, 0, 0, 1, 0, 1.5, 0)
shape = SubResource("BoxShape3D_22cqp")

[node name="Zoo" parent="Destinations" instance=ExtResource("7_22cqp")]
transform = Transform3D(1, 0, 0, 0, 1, 0, 0, 0, 1, 34.0701, -5.10843, -58.9375)
visible = false

[node name="MeshInstance3D" type="MeshInstance3D" parent="Destinations/Zoo"]
transform = Transform3D(1, 0, 0, 0, 1, 0, 0, 0, 1, 0, 0.5, 0)
mesh = SubResource("BoxMesh_d6qko")

[node name="CollisionShape3D" type="CollisionShape3D" parent="Destinations/Zoo"]
transform = Transform3D(1, 0, 0, 0, 1, 0, 0, 0, 1, 0, 1.5, 0)
shape = SubResource("BoxShape3D_22cqp")

[node name="Theater" parent="Destinations" instance=ExtResource("7_22cqp")]
transform = Transform3D(-4.37114e-08, 0, 1, 0, 1, 0, -1, 0, -4.37114e-08, -88.4505, -4.06173, -111.408)
visible = false

[node name="MeshInstance3D" type="MeshInstance3D" parent="Destinations/Theater"]
transform = Transform3D(1, 0, 0, 0, 1, 0, 0, 0, 1, 0, 0.5, 0)
mesh = SubResource("BoxMesh_d6qko")

[node name="CollisionShape3D" type="CollisionShape3D" parent="Destinations/Theater"]
transform = Transform3D(1, 0, 0, 0, 1, 0, 0, 0, 1, 0, 1.5, 0)
shape = SubResource("BoxShape3D_22cqp")

[node name="Pizza" parent="Destinations" instance=ExtResource("7_22cqp")]
transform = Transform3D(0.987827, 0, -0.155555, 0, 1, 0, 0.155555, 0, 0.987827, -28.9078, -8.0414, -229.161)
visible = false

[node name="MeshInstance3D" type="MeshInstance3D" parent="Destinations/Pizza"]
transform = Transform3D(1, 0, 0, 0, 1, 0, 0, 0, 1, 0, 0.5, 0)
mesh = SubResource("BoxMesh_d6qko")

[node name="CollisionShape3D" type="CollisionShape3D" parent="Destinations/Pizza"]
transform = Transform3D(1, 0, 0, 0, 1, 0, 0, 0, 1, 0, 1.5, 0)
shape = SubResource("BoxShape3D_22cqp")

[node name="RestartPoints" type="Node" parent="."]

[node name="RestartPoint1" type="Area3D" parent="RestartPoints"]
visible = false
collision_layer = 0
collision_mask = 2
monitorable = false
script = ExtResource("9_wqlfs")
metadata/_custom_type_script = "uid://crid18n6bckca"

[node name="Node3D" type="Node3D" parent="RestartPoints/RestartPoint1"]
transform = Transform3D(1, 0, 0, 0, 1, 0, 0, 0, 1, -1.81949e-08, 1.25, -17.0525)

[node name="CollisionShape3D" type="CollisionShape3D" parent="RestartPoints/RestartPoint1"]
transform = Transform3D(1, 0, 0, 0, 1, 0, 0, 0, 1, 0, 5, 0)
shape = SubResource("BoxShape3D_i5g78")

[node name="BearSprite" type="Sprite3D" parent="."]
transform = Transform3D(0.999599, 0, -0.0283052, 0, 1, 0, 0.0283052, 0, 0.999599, 33.4936, -5.00348, -105.421)
offset = Vector2(0, 43.5)
pixel_size = 0.2
billboard = 2
double_sided = false
alpha_cut = 1
texture_filter = 2
texture = ExtResource("8_22cqp")
